E:\pydd\yolov4-pytorch-master/VOCdevkit/VOC2007/JPEGImages/Y1909110157-F1-1568183822331.jpg 652,1305,780,1408,1 653,1082,713,1305,0
E:\pydd\yolov4-pytorch-master/VOCdevkit/VOC2007/JPEGImages/Y1909170500-F1-1568720302878.jpg 1263,287,1360,384,1 1048,330,1257,376,0
E:\pydd\yolov4-pytorch-master/VOCdevkit/VOC2007/JPEGImages/Y1910240478-F1-1571963886422.jpg 666,1303,774,1415,1 656,1078,719,1300,0
E:\pydd\yolov4-pytorch-master/VOCdevkit/VOC2007/JPEGImages/Y19110301059712-F1-1572824883144.jpg 1268,291,1381,397,1 1023,338,1267,390,0
E:\pydd\yolov4-pytorch-master/VOCdevkit/VOC2007/JPEGImages/Y19121006487140-F1-1595673023782.jpg 874,992,983,1092,1 846,776,881,946,0
E:\pydd\yolov4-pytorch-master/VOCdevkit/VOC2007/JPEGImages/Y20040603124207-F1-1595721387263.jpg 305,73,428,193,1 366,193,424,387,0
E:\pydd\yolov4-pytorch-master/VOCdevkit/VOC2007/JPEGImages/Y20040603124207-F1-1595721434327.jpg 286,148,394,231,1 336,237,386,428,0
E:\pydd\yolov4-pytorch-master/VOCdevkit/VOC2007/JPEGImages/Y20060502678056-F1-1594896390454.jpg 622,1395,769,1501,1 617,1150,685,1393,0
E:\pydd\yolov4-pytorch-master/VOCdevkit/VOC2007/JPEGImages/Y20060502681091-F1-1595922515651.jpg 704,1547,842,1659,1 696,1297,776,1539,0
E:\pydd\yolov4-pytorch-master/VOCdevkit/VOC2007/JPEGImages/Y20060703232825-F1-1594896459314.jpg 670,1447,802,1582,1 656,1191,741,1443,0
E:\pydd\yolov4-pytorch-master/VOCdevkit/VOC2007/JPEGImages/Y20061303853564-F1-1594896771136.jpg 672,1526,806,1651,1 672,1255,747,1535,0
E:\pydd\yolov4-pytorch-master/VOCdevkit/VOC2007/JPEGImages/Y20061400263930-F1-1595219337015.jpg 767,1994,899,2091,1 789,1768,826,1991,0
E:\pydd\yolov4-pytorch-master/VOCdevkit/VOC2007/JPEGImages/Y20061402866982-F1-1594896706301.jpg 641,1478,752,1601,1 643,1235,712,1468,0
E:\pydd\yolov4-pytorch-master/VOCdevkit/VOC2007/JPEGImages/Y20061802378965-F1-1595320531112.jpg 765,1103,828,1169,1 610,1134,758,1170,0
E:\pydd\yolov4-pytorch-master/VOCdevkit/VOC2007/JPEGImages/Y20062003254436-F1-1595248308625.jpg 728,1282,853,1393,1 711,1020,781,1276,0
E:\pydd\yolov4-pytorch-master/VOCdevkit/VOC2007/JPEGImages/Y20062103096451-F1-1595246819545.jpg 1235,221,1336,322,1 1013,278,1228,315,0
E:\pydd\yolov4-pytorch-master/VOCdevkit/VOC2007/JPEGImages/Y20062202061546-F1-1595257384059.jpg 682,1506,817,1610,1 683,1232,743,1500,0
E:\pydd\yolov4-pytorch-master/VOCdevkit/VOC2007/JPEGImages/Y20062202939007-F1-1595207757301.jpg 592,1340,720,1446,1 600,1110,638,1337,0
